(* Content-type: application/vnd.wolfram.mathematica *)

(*** Wolfram Notebook File ***)
(* http://www.wolfram.com/nb *)

(* CreatedBy='Mathematica 12.1' *)

(*CacheID: 234*)
(* Internal cache information:
NotebookFileLineBreakTest
NotebookFileLineBreakTest
NotebookDataPosition[       158,          7]
NotebookDataLength[      9002,        246]
NotebookOptionsPosition[      7767,        216]
NotebookOutlinePosition[      8166,        232]
CellTagsIndexPosition[      8123,        229]
WindowFrame->Normal*)

(* Beginning of Notebook Content *)
Notebook[{
Cell[BoxData[
 RowBox[{
  RowBox[{"Rect", "[", 
   RowBox[{"n_", ",", "m_"}], "]"}], ":=", 
  RowBox[{"Product", "[", 
   RowBox[{
    RowBox[{"Product", "[", 
     RowBox[{
      RowBox[{
       RowBox[{"4", 
        RowBox[{
         RowBox[{"(", 
          RowBox[{"Cos", "[", 
           RowBox[{
            RowBox[{"(", 
             RowBox[{"j", " ", "Pi"}], ")"}], "/", 
            RowBox[{"(", 
             RowBox[{"m", "+", "1"}], ")"}]}], "]"}], ")"}], "^", "2"}]}], 
       "+", 
       RowBox[{"4", 
        RowBox[{
         RowBox[{"(", 
          RowBox[{"Cos", "[", 
           RowBox[{
            RowBox[{"(", 
             RowBox[{"k", " ", "Pi"}], ")"}], "/", 
            RowBox[{"(", 
             RowBox[{"n", "+", "1"}], ")"}]}], "]"}], ")"}], "^", "2"}]}]}], 
      ",", 
      RowBox[{"{", 
       RowBox[{"j", ",", "1", ",", 
        RowBox[{"IntegerPart", "[", 
         RowBox[{"Ceiling", "[", 
          RowBox[{"m", "/", "2"}], "]"}], "]"}]}], "}"}]}], "]"}], ",", 
    RowBox[{"{", 
     RowBox[{"k", ",", "1", ",", 
      RowBox[{"IntegerPart", "[", 
       RowBox[{"Ceiling", "[", 
        RowBox[{"n", "/", "2"}], "]"}], "]"}]}], "}"}]}], "]"}]}]], "Input",
 CellChangeTimes->{{3.8179831360429416`*^9, 3.817983220866752*^9}, {
  3.8179832821028256`*^9, 3.8179832877357206`*^9}, {3.8179833947824445`*^9, 
  3.8179834073920383`*^9}, {3.817983439301795*^9, 3.8179834405229483`*^9}, {
  3.8179834942455964`*^9, 3.8179835701415787`*^9}, {3.8179836787933793`*^9, 
  3.817983684294344*^9}},
 CellLabel->
  "In[585]:=",ExpressionUUID->"9232764a-28b1-4929-9226-054f83fccbab"],

Cell[CellGroupData[{

Cell[BoxData[
 RowBox[{"Rect", "[", 
  RowBox[{"1", ",", "1"}], "]"}]], "Input",
 CellChangeTimes->{{3.8179832234568768`*^9, 3.8179832263729935`*^9}},
 CellLabel->
  "In[579]:=",ExpressionUUID->"85b34a6c-8d27-4b1c-a1df-701efc0a6709"],

Cell[BoxData["1"], "Output",
 CellChangeTimes->{3.817983226797986*^9, 3.8179832909193907`*^9, 
  3.817983476019521*^9, 3.8179835525035*^9},
 CellLabel->
  "Out[579]=",ExpressionUUID->"efc1f6a4-ee13-4946-8791-f6f3491fac0a"]
}, Open  ]],

Cell[CellGroupData[{

Cell[BoxData[
 RowBox[{
  RowBox[{"Table", "[", 
   RowBox[{
    RowBox[{"N", "[", 
     RowBox[{"Rect", "[", 
      RowBox[{"n", ",", "m"}], "]"}], "]"}], ",", 
    RowBox[{"{", 
     RowBox[{"n", ",", "10"}], "}"}], ",", 
    RowBox[{"{", 
     RowBox[{"m", ",", "10"}], "}"}]}], "]"}], "//", "MatrixForm"}]], "Input",
 CellChangeTimes->{{3.817983235215925*^9, 3.8179832593648987`*^9}, {
  3.817983301958372*^9, 3.8179833112040634`*^9}, {3.8179835934623036`*^9, 
  3.8179836031939797`*^9}, {3.8179837019225082`*^9, 3.8179837135987573`*^9}},
 CellLabel->
  "In[588]:=",ExpressionUUID->"b384e771-a9d4-4150-85be-5721e13394b6"],

Cell[BoxData[
 TagBox[
  RowBox[{"(", "\[NoBreak]", GridBox[{
     {"0.`", "1.`", "0.`", "1.0000000000000002`", "0.`", 
      "0.9999999999999997`", "0.`", "0.9999999999999999`", "0.`", 
      "0.9999999999999994`"},
     {"1.`", "2.`", "3.`", "5.`", "8.`", "12.999999999999996`", "21.`", 
      "33.99999999999999`", "55.`", "88.99999999999999`"},
     {"0.`", "3.`", "0.`", "11.000000000000002`", "0.`", "40.99999999999999`",
       "0.`", "152.99999999999994`", "0.`", "570.9999999999993`"},
     {"1.0000000000000002`", "5.`", "11.000000000000002`", "36.`", 
      "95.00000000000001`", "281.`", "781.0000000000001`", 
      "2245.0000000000005`", "6336.000000000001`", "18060.999999999993`"},
     {"0.`", "8.`", "0.`", "95.00000000000001`", "0.`", "1182.9999999999998`",
       "0.`", "14823.99999999999`", "0.`", "185920.99999999983`"},
     {"0.9999999999999997`", "12.999999999999996`", "40.99999999999999`", 
      "281.`", "1182.9999999999998`", "6727.999999999998`", "31529.`", 
      "167088.99999999994`", "817990.9999999997`", "4.213132999999994`*^6"},
     {"0.`", "21.`", "0.`", "781.0000000000001`", "0.`", "31529.`", "0.`", 
      "1.2926969999999995`*^6", "0.`", "5.317551699999993`*^7"},
     {"0.9999999999999999`", "33.99999999999999`", "152.99999999999994`", 
      "2245.0000000000005`", "14823.99999999999`", "167088.99999999994`", 
      "1.2926969999999995`*^6", "1.2988815999999993`*^7", 
      "1.0843574499999997`*^8", "1.0311512409999987`*^9"},
     {"0.`", "55.`", "0.`", "6336.000000000001`", "0.`", "817990.9999999997`",
       "0.`", "1.0843574499999997`*^8", "0.`", "1.447952176099998`*^10"},
     {"0.9999999999999994`", "88.99999999999999`", "570.9999999999993`", 
      "18060.999999999993`", "185920.99999999983`", "4.213132999999994`*^6", 
      "5.317551699999993`*^7", "1.0311512409999987`*^9", 
      "1.447952176099998`*^10", "2.5858404636799933`*^11"}
    },
    GridBoxAlignment->{"Columns" -> {{Center}}, "Rows" -> {{Baseline}}},
    GridBoxSpacings->{"Columns" -> {
        Offset[0.27999999999999997`], {
         Offset[0.7]}, 
        Offset[0.27999999999999997`]}, "Rows" -> {
        Offset[0.2], {
         Offset[0.4]}, 
        Offset[0.2]}}], "\[NoBreak]", ")"}],
  Function[BoxForm`e$, 
   MatrixForm[BoxForm`e$]]]], "Output",
 CellChangeTimes->{{3.8179832491227136`*^9, 3.8179832602165375`*^9}, {
   3.8179832948242903`*^9, 3.817983311914172*^9}, {3.8179834676089725`*^9, 
   3.8179834797765207`*^9}, 3.817983513536118*^9, {3.8179835552577057`*^9, 
   3.8179836096663437`*^9}, {3.8179836936941*^9, 3.8179837142107353`*^9}},
 CellLabel->
  "Out[588]//MatrixForm=",ExpressionUUID->"bf61ad3d-0316-4826-a83d-\
834f95666ad2"]
}, Open  ]],

Cell[CellGroupData[{

Cell[BoxData[
 RowBox[{"Cos", "^", 
  RowBox[{"2", "[", "3", "]"}]}]], "Input",
 CellChangeTimes->{{3.8179833404699244`*^9, 3.8179833463366146`*^9}},
 CellLabel->
  "In[570]:=",ExpressionUUID->"42d7af58-38d3-4632-a867-e7e0a55f68d2"],

Cell[BoxData[
 SuperscriptBox["Cos", 
  RowBox[{"2", "[", "3", "]"}]]], "Output",
 CellChangeTimes->{3.8179833469325914`*^9},
 CellLabel->
  "Out[570]=",ExpressionUUID->"6da4d992-7807-4331-b4fa-eed44bd0df97"]
}, Open  ]],

Cell[CellGroupData[{

Cell[BoxData[
 RowBox[{
  RowBox[{"Table", "[", 
   RowBox[{
    RowBox[{"N", "[", 
     RowBox[{"Rect", "[", 
      RowBox[{"n", ",", "2"}], "]"}], "]"}], ",", 
    RowBox[{"{", 
     RowBox[{"n", ",", "10"}], "}"}]}], "]"}], "//", "MatrixForm"}]], "Input",
 CellChangeTimes->{{3.817983735457515*^9, 3.817983739695729*^9}},
 CellLabel->
  "In[589]:=",ExpressionUUID->"16cd0c34-60e4-43b8-bf83-87564f30d8fc"],

Cell[BoxData[
 TagBox[
  RowBox[{"(", "\[NoBreak]", 
   TagBox[GridBox[{
      {"1.`"},
      {"2.`"},
      {"3.`"},
      {"5.`"},
      {"8.`"},
      {"12.999999999999996`"},
      {"21.`"},
      {"33.99999999999999`"},
      {"55.`"},
      {"88.99999999999999`"}
     },
     GridBoxAlignment->{"Columns" -> {{Center}}, "Rows" -> {{Baseline}}},
     GridBoxSpacings->{"Columns" -> {
         Offset[0.27999999999999997`], {
          Offset[0.5599999999999999]}, 
         Offset[0.27999999999999997`]}, "Rows" -> {
         Offset[0.2], {
          Offset[0.4]}, 
         Offset[0.2]}}],
    Column], "\[NoBreak]", ")"}],
  Function[BoxForm`e$, 
   MatrixForm[BoxForm`e$]]]], "Output",
 CellChangeTimes->{3.817983740774312*^9},
 CellLabel->
  "Out[589]//MatrixForm=",ExpressionUUID->"c5efa5e0-2c00-4d1f-910e-\
4080185b3477"]
}, Open  ]]
},
WindowSize->{1920, 997},
WindowMargins->{{-8, Automatic}, {Automatic, -8}},
FrontEndVersion->"12.1 for Microsoft Windows (64-bit) (June 19, 2020)",
StyleDefinitions->"Default.nb",
ExpressionUUID->"ae78d390-13bf-49a7-b85e-deb10886c8a8"
]
(* End of Notebook Content *)

(* Internal cache information *)
(*CellTagsOutline
CellTagsIndex->{}
*)
(*CellTagsIndex
CellTagsIndex->{}
*)
(*NotebookFileOutline
Notebook[{
Cell[558, 20, 1604, 45, 28, "Input",ExpressionUUID->"9232764a-28b1-4929-9226-054f83fccbab"],
Cell[CellGroupData[{
Cell[2187, 69, 233, 5, 28, "Input",ExpressionUUID->"85b34a6c-8d27-4b1c-a1df-701efc0a6709"],
Cell[2423, 76, 222, 4, 32, "Output",ExpressionUUID->"efc1f6a4-ee13-4946-8791-f6f3491fac0a"]
}, Open  ]],
Cell[CellGroupData[{
Cell[2682, 85, 625, 15, 28, "Input",ExpressionUUID->"b384e771-a9d4-4150-85be-5721e13394b6"],
Cell[3310, 102, 2681, 47, 208, "Output",ExpressionUUID->"bf61ad3d-0316-4826-a83d-834f95666ad2"]
}, Open  ]],
Cell[CellGroupData[{
Cell[6028, 154, 232, 5, 28, "Input",ExpressionUUID->"42d7af58-38d3-4632-a867-e7e0a55f68d2"],
Cell[6263, 161, 208, 5, 32, "Output",ExpressionUUID->"6da4d992-7807-4331-b4fa-eed44bd0df97"]
}, Open  ]],
Cell[CellGroupData[{
Cell[6508, 171, 407, 11, 28, "Input",ExpressionUUID->"16cd0c34-60e4-43b8-bf83-87564f30d8fc"],
Cell[6918, 184, 833, 29, 219, "Output",ExpressionUUID->"c5efa5e0-2c00-4d1f-910e-4080185b3477"]
}, Open  ]]
}
]
*)

